62
2 23 1 297 282 316 306 0.999336 2 470 242 490 266 0.999166 3 264 243 274 256 0.998757 4 205 229 222 250 0.998528 5 386 242 402 267 0.998292 6 542 236 561 259 0.998058 7 328 248 340 261 0.997565 8 400 230 409 242 0.997509 9 283 244 291 254 0.997354 10 78 278 90 294 0.996757 11 116 266 128 281 0.996405 12 427 262 438 275 0.996117 13 344 258 359 278 0.995922 14 478 160 496 184 0.995028 15 79 246 89 260 0.99451 16 137 235 147 247 0.992071 17 254 243 263 254 0.988558 18 226 235 239 251 0.987547 19 290 227 297 236 0.983578 20 247 233 255 243 0.972226 21 42 279 53 294 0.964578 22 28 268 40 282 0.937148 23 433 235 441 244 0.902386
3 24 15 79 246 89 260 0.994468 11 116 266 128 281 0.996321 20 247 233 255 243 0.974503 22 28 268 40 282 0.952217 6 542 236 561 259 0.998065 21 42 279 53 294 0.963961 14 478 160 496 184 0.995045 13 344 258 359 277 0.99487 9 283 244 291 254 0.997599 1 296 281 315 305 0.999357 5 386 242 402 267 0.998622 2 470 242 490 266 0.999231 3 264 243 274 256 0.998816 19 289 226 297 236 0.989569 16 138 236 147 247 0.993818 12 425 262 436 275 0.993059 17 255 243 263 255 0.969687 4 205 228 221 250 0.997424 7 329 247 341 261 0.99735 8 401 231 410 242 0.997792 18 225 233 238 251 0.991199 10 78 278 91 294 0.995748 24 316 240 323 249 0.953331 25 433 235 440 245 0.941451
4 24 15 79 246 89 260 0.994454 11 116 266 128 281 0.996696 14 478 160 496 184 0.994836 16 138 235 148 247 0.99536 22 28 268 40 282 0.929444 21 42 279 53 295 0.945745 8 402 231 411 242 0.997829 20 247 233 255 243 0.955117 25 433 235 440 245 0.95013 17 255 243 263 254 0.948496 6 542 235 561 259 0.998233 13 344 258 359 277 0.995348 3 264 243 274 256 0.998951 19 289 226 297 235 0.985064 1 296 281 315 304 0.999275 12 423 262 434 275 0.987699 7 329 247 341 261 0.997754 24 315 240 323 249 0.932661 4 204 228 220 249 0.997783 5 387 242 402 267 0.997937 9 283 244 291 255 0.997083 10 78 278 91 294 0.997132 2 470 241 491 266 0.998923 18 226 233 238 250 0.989539
5 22 11 116 266 128 281 0.996464 15 79 246 89 260 0.995116 14 478 160 496 184 0.994942 22 28 268 40 282 0.95051 16 139 235 148 247 0.991432 17 255 243 263 254 0.961151 6 542 235 561 259 0.998125 19 289 226 297 235 0.983592 3 263 243 274 256 0.998909 5 387 242 402 267 0.997418 1 296 280 314 303 0.998994 9 283 244 291 255 0.997307 2 470 242 491 266 0.998915 24 315 239 323 248 0.959205 20 247 232 255 243 0.953058 7 329 246 341 260 0.998388 13 344 258 359 277 0.997237 10 78 278 91 294 0.997791 8 402 230 411 242 0.998746 18 225 232 238 249 0.986029 12 420 263 432 276 0.994297 4 204 228 220 250 0.997757
6 23 11 116 266 128 281 0.996502 15 79 246 89 260 0.994853 14 478 160 496 184 0.994961 6 542 235 561 258 0.998094 9 283 244 292 255 0.997941 7 329 246 341 260 0.998429 19 288 226 296 235 0.944119 1 296 279 314 302 0.998947 22 28 268 39 282 0.949125 2 470 242 490 266 0.998827 8 404 231 413 242 0.998838 16 139 234 148 246 0.991969 3 263 243 273 256 0.998719 20 246 232 255 243 0.966213 12 417 263 429 277 0.997159 24 315 238 322 248 0.962084 5 387 243 401 267 0.993864 4 203 228 218 249 0.998625 10 79 278 91 294 0.996259 13 343 257 359 277 0.996413 18 225 233 238 249 0.98072 21 42 280 52 295 0.92498 26 188 276 205 294 0.938279
7 21 11 116 266 128 281 0.996362 14 478 160 496 184 0.994871 15 80 246 89 260 0.994846 6 542 235 561 258 0.998209 2 470 242 490 266 0.998764 16 140 235 149 246 0.990445 7 329 246 341 260 0.99839 22 28 268 39 282 0.948213 9 284 245 292 255 0.997371 24 315 238 322 247 0.974275 8 404 230 413 242 0.998772 3 263 244 273 257 0.998677 1 296 278 314 302 0.998761 10 79 278 91 294 0.995661 13 343 257 358 277 0.995704 20 246 232 255 243 0.966008 5 386 243 401 267 0.993556 26 187 276 205 294 0.982038 12 415 263 427 278 0.996043 4 202 228 219 250 0.998944 27 224 231 238 251 0.978802
8 21 11 116 266 128 281 0.996469 14 478 160 496 184 0.994527 6 542 235 561 259 0.998484 22 28 268 39 282 0.962537 16 141 234 150 246 0.994588 5 387 242 402 266 0.994376 7 329 246 341 260 0.998377 20 246 232 254 243 0.965594 2 470 242 490 267 0.998828 1 296 278 314 301 0.998689 10 79 278 91 294 0.994627 26 187 276 205 294 0.97591 24 284 245 292 256 0.997106 13 342 256 358 277 0.997286 3 262 244 272 258 0.99854 12 414 264 426 278 0.989621 8 405 231 414 242 0.998025 15 80 246 90 260 0.993054 9 341 235 350 244 0.964036 4 202 229 218 250 0.999303 27 225 233 238 250 0.985568
9 21 14 478 160 496 184 0.994237 6 542 235 561 259 0.998273 7 328 246 340 260 0.998232 16 142 234 151 245 0.990042 11 116 266 129 281 0.996381 1 296 277 314 301 0.998903 10 79 278 91 293 0.994088 2 470 242 490 267 0.998751 22 28 269 39 282 0.956957 20 246 232 255 243 0.974274 5 387 243 402 266 0.993848 26 187 276 204 294 0.980101 24 284 245 293 257 0.997538 27 225 234 238 251 0.990861 13 342 255 358 276 0.998663 15 80 246 90 260 0.994018 3 262 245 272 259 0.998248 9 341 234 350 244 0.933579 4 201 229 218 251 0.999393 12 412 264 423 278 0.978453 8 405 230 415 242 0.998132
10 22 11 116 266 128 281 0.996389 14 478 160 496 184 0.99427 6 542 235 561 259 0.997821 2 470 242 490 267 0.998768 5 387 243 402 266 0.993833 24 315 238 322 247 0.966202 7 328 246 340 261 0.996558 22 28 269 39 282 0.970984 16 143 235 152 246 0.983766 13 341 255 357 276 0.997909 21 81 330 90 341 0.954203 3 261 246 271 260 0.998193 20 246 232 254 243 0.969023 12 409 263 421 277 0.986439 26 186 275 204 293 0.972461 1 296 278 314 301 0.999016 10 79 278 91 293 0.991346 15 80 246 90 260 0.989917 19 284 245 293 257 0.99699 8 406 231 415 243 0.998616 4 201 230 218 252 0.999249 27 225 234 239 254 0.988998
11 22 14 478 160 496 184 0.99427 3 260 247 271 260 0.998501 2 470 242 490 267 0.998754 5 388 243 403 266 0.994034 11 116 267 129 281 0.996083 21 81 330 90 341 0.95235 6 542 235 562 259 0.997744 22 28 269 39 282 0.971945 24 284 245 293 257 0.996657 1 297 278 315 302 0.998668 15 80 246 90 260 0.989931 16 145 235 153 246 0.964075 13 340 255 357 276 0.99753 7 328 247 340 261 0.995276 26 185 275 203 294 0.955698 20 246 232 254 243 0.962238 10 80 277 91 292 0.985139 12 405 262 418 277 0.99112 27 225 235 240 255 0.996445 4 201 230 217 252 0.999215 8 406 231 415 243 0.998673 19 314 238 322 248 0.964187
12 23 14 478 160 496 184 0.994272 21 81 330 90 341 0.952384 22 28 269 39 282 0.972384 6 542 235 562 259 0.997208 19 284 245 293 256 0.997581 12 402 261 415 276 0.95007 11 116 267 129 282 0.9956 15 80 246 90 260 0.991542 5 389 243 403 266 0.97713 20 246 232 254 243 0.961264 10 80 277 91 292 0.986443 13 338 257 353 277 0.99844 24 315 239 322 249 0.901737 26 182 275 200 293 0.959943 2 471 242 490 266 0.998792 3 259 247 269 261 0.997598 7 326 248 338 263 0.993649 8 407 231 417 243 0.998006 16 147 236 156 247 0.907252 17 431 234 439 243 0.922436 27 226 236 240 256 0.992075 4 201 232 217 254 0.997946 1 297 280 315 304 0.997744
13 20 14 478 160 496 184 0.994322 11 116 267 128 281 0.995745 21 82 330 90 341 0.938278 6 542 236 561 259 0.997308 22 28 269 39 282 0.971772 19 285 245 293 256 0.994024 15 80 246 90 260 0.991016 20 246 232 254 243 0.959112 7 326 248 338 263 0.990748 5 389 243 403 266 0.968131 13 337 259 352 279 0.998662 16 148 236 157 247 0.916895 8 408 231 417 243 0.998112 26 181 274 200 293 0.982305 27 226 236 240 256 0.993085 10 79 277 91 292 0.975905 3 258 247 269 260 0.998684 1 297 283 316 307 0.996501 2 471 241 490 266 0.998873 4 200 232 217 254 0.990767
14 21 14 478 160 496 184 0.994238 11 116 267 128 281 0.994663 21 82 330 90 341 0.941787 6 542 236 561 259 0.99759 22 28 269 39 282 0.971948 19 285 245 294 256 0.994622 20 246 232 254 243 0.956501 16 149 235 159 247 0.964597 5 388 243 403 266 0.956123 7 325 249 336 264 0.984751 8 409 232 418 243 0.996178 15 81 246 91 260 0.982031 26 180 275 199 295 0.963895 1 298 283 317 308 0.995396 24 399 260 411 275 0.968975 3 258 246 268 259 0.996895 2 471 242 490 266 0.999169 10 79 277 91 291 0.933859 13 336 260 351 280 0.997565 27 228 237 241 254 0.99448 28 201 233 217 255 0.993165
15 21 14 478 160 496 184 0.99436 11 116 267 128 281 0.99462 6 541 236 561 259 0.997534 22 27 269 39 282 0.968884 20 246 232 254 243 0.926789 7 323 249 335 264 0.971293 21 81 330 90 342 0.921021 19 285 245 294 255 0.993334 16 150 238 159 248 0.97893 8 409 232 418 243 0.995779 15 81 246 91 260 0.981534 5 388 243 403 266 0.953679 12 398 261 409 275 0.940086 3 257 246 267 259 0.995803 26 179 276 197 296 0.961332 10 79 277 91 292 0.912354 27 228 237 241 254 0.994396 1 299 284 318 310 0.996973 2 471 241 490 266 0.999229 13 335 260 350 280 0.98951 28 201 233 217 255 0.989577
16 20 14 478 160 496 184 0.994507 11 116 266 128 281 0.995011 16 151 237 160 248 0.98077 6 541 236 561 259 0.997055 21 81 330 90 342 0.91685 24 285 244 294 255 0.993267 7 322 249 333 263 0.978315 20 246 232 254 243 0.901706 15 81 246 91 260 0.980886 26 178 277 196 297 0.90109 8 409 232 419 243 0.991926 10 79 276 91 292 0.942531 5 388 244 402 267 0.961769 27 228 236 240 253 0.99446 22 27 268 39 283 0.956206 2 471 241 490 266 0.999193 1 300 286 319 310 0.997894 3 256 246 266 258 0.989032 13 334 261 349 280 0.953557 28 201 234 217 256 0.992816
17 13 14 478 160 496 184 0.994684 6 541 236 561 259 0.99569 15 81 246 91 260 0.979934 11 116 266 129 281 0.996035 8 410 232 420 244 0.97755 19 286 245 294 256 0.977317 9 256 243 265 256 0.957002 2 472 242 491 267 0.99921 1 302 285 322 309 0.997447 10 79 276 91 293 0.996637 26 227 234 240 250 0.988107 28 201 233 217 256 0.994207 29 331 261 347 284 0.946078
18 14 14 478 160 496 184 0.9948 6 541 236 561 259 0.99604 15 81 246 91 260 0.973868 7 320 247 331 260 0.956959 19 286 245 294 256 0.976688 11 117 266 129 281 0.993086 8 411 232 420 243 0.975926 1 304 284 324 309 0.997057 3 255 243 265 257 0.971426 2 472 242 491 267 0.999274 29 330 261 347 284 0.952153 27 226 233 239 249 0.978653 10 78 277 91 293 0.996069 28 201 233 217 254 0.977774
19 14 6 541 236 561 259 0.996295 14 478 160 496 183 0.995266 15 81 246 91 260 0.97129 11 117 266 129 281 0.993062 2 472 242 491 267 0.999255 3 254 243 265 257 0.970776 8 412 232 421 243 0.972933 7 319 246 330 260 0.985931 1 305 283 324 308 0.996526 19 286 245 295 256 0.978378 13 328 260 345 281 0.970927 26 225 233 238 248 0.981245 10 78 277 91 294 0.99397 28 200 231 216 253 0.990636
20 14 14 478 160 496 183 0.995018 15 81 246 91 260 0.985895 6 541 236 560 259 0.996024 8 412 232 422 243 0.988375 16 157 236 166 247 0.917981 1 306 282 325 307 0.996102 19 287 246 295 257 0.983411 11 118 267 129 281 0.983295 3 254 243 265 256 0.986282 2 473 242 492 267 0.999074 13 328 259 344 281 0.981129 18 225 233 237 249 0.987012 10 78 277 91 294 0.992674 29 199 230 216 253 0.996582
21 14 14 478 160 496 183 0.994911 15 81 246 91 260 0.986302 6 541 236 560 259 0.996498 8 413 232 422 243 0.972754 19 287 246 296 257 0.950042 7 318 246 330 259 0.975932 1 306 282 325 306 0.996572 3 254 243 264 257 0.993366 11 117 266 129 281 0.98912 2 473 242 492 267 0.998935 13 327 258 344 281 0.973292 26 224 233 237 248 0.985865 10 78 277 91 294 0.992476 29 198 230 215 253 0.986254
22 15 14 478 160 496 184 0.99502 15 81 246 91 260 0.987287 6 541 236 560 258 0.997689 8 414 232 423 244 0.991489 21 159 235 168 247 0.908399 1 306 281 325 305 0.99787 2 473 242 493 266 0.998584 11 118 266 130 282 0.994891 10 79 276 91 293 0.994476 3 253 245 263 258 0.98904 29 197 230 213 253 0.987819 13 326 257 343 280 0.94745 7 317 245 328 260 0.937681 30 222 235 235 251 0.996406 31 172 276 191 296 0.922599
23 16 14 478 160 496 184 0.99499 15 81 246 91 260 0.98866 6 542 236 560 258 0.997958 31 172 274 190 294 0.973925 9 160 235 169 247 0.915207 13 326 257 342 278 0.969671 2 474 242 493 266 0.998463 29 196 230 213 253 0.920188 21 415 232 424 244 0.972371 1 306 281 326 306 0.998136 30 220 235 235 255 0.996176 3 252 246 264 260 0.992998 10 78 276 91 293 0.995888 11 118 266 130 282 0.995839 8 29 268 43 283 0.954951 32 366 245 377 262 0.926855
24 15 14 478 160 496 184 0.99524 6 541 236 560 259 0.997959 31 171 273 191 294 0.979437 21 162 235 171 247 0.967384 15 80 246 91 260 0.992993 13 326 257 342 279 0.991115 1 307 281 326 307 0.997025 8 416 232 425 244 0.986137 30 219 236 234 256 0.996266 2 474 242 493 266 0.998587 3 252 246 264 261 0.990031 11 118 266 130 282 0.9957 7 316 246 328 260 0.939225 10 78 276 91 293 0.995694 24 29 268 42 283 0.980902
25 17 14 478 160 496 184 0.995493 6 541 236 560 259 0.997327 1 307 283 326 308 0.996319 13 325 257 342 279 0.992348 21 162 236 172 247 0.957367 31 172 271 191 292 0.977297 24 294 246 302 258 0.963546 15 80 246 91 260 0.990358 8 416 232 425 244 0.99253 2 474 242 493 266 0.998595 3 253 246 263 261 0.985755 7 316 246 327 261 0.975398 30 217 236 233 257 0.978553 10 78 276 90 293 0.99654 11 118 266 130 282 0.995314 32 364 245 375 262 0.939266 33 30 268 43 282 0.988053
26 16 33 30 268 43 282 0.988817 14 478 160 496 184 0.995553 6 542 236 560 259 0.997742 31 171 271 190 292 0.99432 1 306 285 326 310 0.997379 15 80 246 91 260 0.989716 2 474 242 494 267 0.998536 30 216 237 232 258 0.982142 13 325 257 341 280 0.990587 8 418 232 426 244 0.98842 9 253 247 263 262 0.989032 32 364 245 375 262 0.922683 11 118 266 130 282 0.995577 29 193 233 210 256 0.954042 10 271 229 281 240 0.923958 34 76 276 91 296 0.997531
27 17 14 478 160 496 184 0.995838 33 30 268 43 282 0.986394 6 541 236 560 259 0.998053 1 307 287 327 313 0.995995 19 294 245 303 257 0.945467 31 174 272 192 294 0.985127 15 80 246 91 260 0.986562 8 420 232 428 244 0.967175 2 474 242 494 267 0.998301 32 361 247 373 263 0.982993 17 253 246 264 261 0.991435 12 188 235 205 258 0.971741 13 324 259 341 282 0.990189 11 118 266 130 282 0.995559 30 212 237 228 258 0.990425 10 270 228 281 240 0.974283 34 75 275 90 295 0.998283
28 19 14 478 160 496 184 0.995759 6 541 236 560 259 0.998072 15 80 245 91 260 0.986803 1 307 288 327 315 0.995464 24 295 244 303 256 0.949994 31 174 274 194 296 0.975573 2 474 242 494 267 0.998258 8 421 232 430 244 0.976364 19 314 249 325 263 0.911931 34 75 275 90 294 0.996414 32 360 247 372 264 0.989761 18 212 237 227 257 0.995975 11 118 266 130 282 0.99553 17 253 246 264 261 0.994683 9 246 232 254 243 0.926744 33 30 268 42 282 0.984329 13 325 259 341 283 0.989218 12 187 236 204 259 0.949923 10 270 228 280 240 0.987592
29 19 14 478 160 496 184 0.995753 33 30 268 43 282 0.936763 15 79 246 90 260 0.989463 19 295 245 303 256 0.974809 6 541 236 560 259 0.998312 17 253 245 264 259 0.995115 31 174 274 195 296 0.983671 13 325 260 342 283 0.990571 12 185 235 202 258 0.965539 9 246 232 254 243 0.937298 30 211 236 226 257 0.995386 11 118 266 130 282 0.995583 1 306 290 326 316 0.996138 34 74 275 89 294 0.994357 3 421 232 431 245 0.974373 32 359 248 370 264 0.990917 24 313 249 325 264 0.904313 25 270 228 279 239 0.984754 2 474 242 494 267 0.998418
30 19 14 478 160 496 184 0.995549 33 30 268 43 282 0.971356 15 79 246 90 260 0.990154 31 176 275 195 297 0.955326 19 295 245 304 256 0.978773 17 253 245 264 258 0.995825 11 118 267 130 282 0.995486 24 313 249 325 263 0.925615 6 541 236 560 259 0.998455 13 325 261 342 283 0.986037 25 269 229 279 239 0.971093 30 210 235 225 256 0.993857 32 357 249 370 266 0.987388 20 245 232 254 243 0.921694 12 182 235 200 259 0.989975 2 475 242 494 267 0.998231 8 75 276 88 293 0.9934 1 306 290 326 316 0.995763 3 422 233 432 246 0.983647
31 20 14 478 160 496 184 0.995429 31 177 276 196 297 0.958782 19 295 245 303 256 0.983797 33 31 268 44 282 0.966979 15 79 246 90 260 0.987762 11 118 266 130 282 0.990562 25 269 228 279 239 0.96143 17 253 244 264 258 0.99337 6 541 236 560 259 0.998247 30 209 235 224 254 0.997487 24 313 249 325 263 0.977375 13 326 260 343 283 0.995132 20 245 232 253 243 0.938245 2 475 242 494 267 0.998221 3 424 233 433 246 0.996647 32 355 249 368 266 0.989915 29 181 234 198 257 0.991397 1 305 290 326 315 0.994499 34 73 276 88 294 0.994537 21 387 244 402 269 0.927522
32 19 14 478 160 496 184 0.995221 33 31 268 44 282 0.9444 15 79 246 90 260 0.984729 24 295 246 304 257 0.98213 17 252 243 263 257 0.9942 11 118 266 130 282 0.986108 34 72 275 86 294 0.99733 6 541 236 560 259 0.998739 9 245 233 253 244 0.90713 30 209 232 224 251 0.996314 13 326 258 343 281 0.995103 25 274 229 282 239 0.943917 5 386 242 402 266 0.994666 2 475 242 494 267 0.998403 1 304 288 325 314 0.994703 19 311 248 324 263 0.977501 3 426 233 435 245 0.996107 12 176 231 195 256 0.995732 35 353 249 366 266 0.99054
33 17 14 478 160 496 184 0.995297 15 79 246 90 260 0.984571 19 295 246 303 257 0.97458 17 251 243 263 257 0.989955 13 326 258 342 279 0.9975 6 541 236 560 259 0.998453 34 71 275 86 294 0.997488 11 118 267 130 282 0.984421 2 475 242 494 267 0.998319 24 426 233 435 245 0.995358 33 31 268 44 282 0.920453 5 384 242 402 265 0.929425 12 310 247 322 262 0.986015 1 304 287 325 313 0.9973 35 351 248 365 267 0.994082 30 208 231 223 251 0.997831 26 175 230 194 255 0.998386
34 16 14 478 160 496 183 0.99523 24 295 246 303 258 0.944739 15 79 246 89 260 0.966488 6 541 236 560 260 0.998471 31 179 275 200 298 0.980035 11 118 267 130 282 0.981575 8 428 233 436 245 0.996628 30 208 231 223 250 0.99694 12 383 242 401 266 0.994711 2 475 242 494 267 0.998126 1 304 287 325 312 0.99736 34 71 275 86 293 0.997779 13 326 257 343 279 0.997621 16 251 244 262 258 0.997201 35 350 249 363 265 0.991906 29 175 229 193 253 0.995741
35 17 19 295 247 303 258 0.938454 14 478 160 496 183 0.995119 31 180 275 200 297 0.987053 11 118 267 130 282 0.984625 24 428 233 437 245 0.996073 6 541 236 560 259 0.998481 30 208 231 223 250 0.997893 1 304 287 325 312 0.997278 15 79 247 88 260 0.988258 13 325 257 341 278 0.997686 2 475 242 494 267 0.998163 3 251 244 262 259 0.996778 12 308 247 320 261 0.959341 35 348 246 362 266 0.996027 28 173 228 192 254 0.993838 34 70 274 85 293 0.997071 36 383 242 400 266 0.99564
36 17 14 478 160 496 183 0.995404 19 295 247 303 258 0.95099 31 180 274 200 297 0.993098 6 541 236 560 259 0.998468 9 429 232 438 245 0.996149 1 305 286 325 312 0.997777 35 347 246 362 266 0.995928 15 79 247 88 260 0.986973 30 208 231 223 251 0.997424 11 118 267 129 282 0.986527 13 324 256 341 277 0.997165 36 381 242 399 267 0.997548 2 475 242 494 267 0.998127 3 251 245 262 259 0.996991 12 306 247 318 261 0.939897 34 70 274 84 293 0.995917 28 171 228 191 253 0.997535
37 17 14 478 160 496 183 0.995114 31 180 273 201 297 0.991358 6 541 236 560 259 0.998568 1 306 287 326 313 0.998033 24 430 233 440 246 0.996819 19 78 247 87 260 0.995794 21 263 230 271 240 0.960692 11 118 267 130 282 0.973972 3 250 247 261 261 0.997697 13 322 254 340 277 0.995442 2 475 242 494 267 0.998045 36 379 243 397 266 0.998892 30 207 234 222 254 0.998955 34 69 274 83 291 0.995654 25 273 230 283 242 0.972253 28 169 227 189 254 0.997617 35 345 244 361 264 0.980387
38 15 14 478 160 496 183 0.99518 6 541 236 560 259 0.998524 13 322 254 340 277 0.996638 31 179 272 201 296 0.985862 21 431 232 440 246 0.993536 19 77 248 87 260 0.995087 1 306 287 327 315 0.997168 35 344 244 359 264 0.983098 2 475 242 494 267 0.997848 9 118 267 129 281 0.988735 3 250 248 261 262 0.998037 30 207 235 221 255 0.999126 5 379 244 397 266 0.998382 28 168 227 189 253 0.997653 34 69 274 82 291 0.996671
39 16 14 478 160 496 183 0.995658 6 541 236 560 259 0.99851 24 262 229 270 239 0.904821 31 179 272 201 296 0.993073 9 118 267 129 282 0.98237 12 77 248 87 261 0.994574 35 344 243 359 263 0.99485 13 321 255 340 279 0.997726 2 475 242 494 267 0.997916 21 432 232 441 246 0.996467 3 249 248 261 263 0.997902 30 206 236 221 257 0.999006 36 378 242 396 266 0.997696 1 306 290 327 316 0.998413 28 167 228 189 254 0.997707 7 69 274 82 291 0.995245
40 17 14 478 160 496 183 0.995639 6 541 236 560 259 0.998452 35 344 243 359 263 0.99464 24 262 229 270 239 0.957722 31 178 273 201 297 0.993787 13 320 256 338 279 0.998128 36 378 242 396 266 0.997788 3 249 249 261 264 0.997267 9 119 267 129 281 0.916583 19 277 231 285 242 0.946898 28 166 228 187 256 0.994959 1 307 292 328 318 0.998813 2 475 242 495 267 0.997834 30 207 237 221 257 0.998837 8 433 232 442 246 0.995957 7 69 274 82 291 0.996962 37 77 247 87 261 0.992929
41 15 14 478 160 496 183 0.99564 31 178 273 201 298 0.99319 24 261 229 269 238 0.93333 19 76 248 86 261 0.989889 36 378 242 395 266 0.997358 30 206 237 221 257 0.99851 1 308 294 329 319 0.998834 6 541 236 560 260 0.997679 13 319 256 337 280 0.997636 2 475 242 495 267 0.998045 28 165 229 185 256 0.992213 3 248 249 260 264 0.997578 35 342 244 358 265 0.997952 7 69 274 82 291 0.99616 17 433 232 443 245 0.988437
42 17 14 478 160 496 184 0.995492 31 177 277 200 301 0.987316 24 261 228 268 238 0.973171 19 76 248 86 261 0.988693 13 317 258 336 282 0.997924 21 435 232 443 245 0.984702 3 248 248 260 263 0.99719 30 205 236 220 256 0.998649 28 162 231 184 259 0.998031 35 342 246 358 266 0.998348 6 540 237 559 260 0.998412 1 310 295 331 322 0.997947 2 475 241 495 267 0.998752 26 279 230 287 241 0.938683 20 186 238 198 251 0.929893 36 377 241 395 265 0.998662 7 69 274 83 291 0.993989
43 18 14 478 160 496 184 0.995508 31 176 279 199 303 0.975309 19 279 231 287 241 0.963773 24 261 228 268 238 0.974108 13 316 258 334 283 0.997111 12 76 248 86 261 0.988565 16 188 238 200 251 0.962444 9 314 239 322 249 0.961122 6 540 237 559 260 0.998481 35 343 247 358 267 0.997839 3 248 248 260 262 0.997627 11 572 241 581 252 0.941641 28 163 231 184 258 0.997829 1 311 295 332 322 0.998122 2 475 241 495 267 0.998662 30 204 236 219 255 0.996462 7 70 274 83 291 0.996108 36 376 241 395 265 0.999169
44 20 14 478 160 496 184 0.995153 13 314 259 332 283 0.998369 24 260 228 268 238 0.96803 31 175 280 198 304 0.991516 1 311 295 333 322 0.997734 12 76 248 86 261 0.990546 19 314 239 322 249 0.987741 26 279 230 288 241 0.936446 15 437 233 445 246 0.926397 6 541 237 560 260 0.997856 11 574 241 583 253 0.973182 28 163 232 182 257 0.998351 35 343 248 358 268 0.997757 30 204 234 218 253 0.99739 2 476 242 494 266 0.998402 3 248 247 259 262 0.997772 7 70 274 83 291 0.995443 16 270 245 278 257 0.979634 36 376 241 395 266 0.998916 32 190 236 202 250 0.975955
45 19 14 478 160 496 184 0.995114 31 176 282 197 306 0.98744 13 313 258 331 282 0.998628 12 76 248 86 261 0.990431 35 342 248 358 268 0.997726 24 260 228 268 237 0.974159 1 312 295 333 321 0.996912 16 191 236 202 249 0.96251 6 541 237 560 260 0.998103 30 202 233 218 252 0.997858 3 248 246 260 261 0.997645 19 314 239 322 249 0.986111 26 281 229 289 241 0.910702 28 162 232 182 257 0.998143 11 576 240 584 251 0.963997 2 476 242 494 266 0.998396 9 270 246 279 258 0.988183 34 70 274 83 291 0.995222 38 376 241 394 266 0.999094
46 16 14 478 160 496 184 0.994936 24 314 240 322 249 0.985458 31 174 283 197 307 0.984461 35 342 249 358 269 0.998201 13 311 258 330 281 0.998729 38 376 241 394 266 0.999338 12 76 248 86 261 0.990433 1 312 293 333 320 0.997718 6 540 237 560 260 0.998405 30 201 232 217 252 0.998634 3 248 246 260 261 0.99782 2 476 242 494 266 0.998548 8 260 228 268 238 0.978797 16 270 245 279 258 0.988037 28 162 232 181 257 0.999095 34 69 274 84 292 0.995019
47 16 14 478 160 496 184 0.99482 31 174 283 196 307 0.967411 12 76 247 86 261 0.991453 9 235 236 242 246 0.964332 30 199 231 214 251 0.998708 13 310 257 326 279 0.998346 35 343 249 358 268 0.997702 6 540 237 560 261 0.997875 38 375 241 394 266 0.999301 3 248 246 260 260 0.998345 24 260 229 268 238 0.981534 21 271 246 280 258 0.990833 7 72 274 85 291 0.996921 2 476 242 494 266 0.998593 1 312 291 333 319 0.998074 28 161 231 180 256 0.999038
48 17 14 478 160 496 184 0.994918 19 76 247 86 261 0.989463 24 260 229 268 238 0.989572 31 174 282 195 305 0.973428 38 375 241 394 266 0.999371 30 198 231 213 252 0.998925 6 540 237 560 260 0.997912 3 248 246 260 260 0.998406 13 309 256 326 279 0.998733 9 234 237 242 247 0.989666 1 312 291 333 318 0.998121 32 343 248 357 268 0.996955 7 72 274 86 291 0.997037 2 476 242 494 266 0.998498 16 272 246 280 257 0.974921 21 623 309 639 350 0.994683 28 160 230 180 255 0.998881
49 20 14 478 160 496 184 0.994849 24 260 229 268 238 0.987767 38 375 241 394 266 0.999059 1 312 291 332 318 0.997913 13 309 255 326 278 0.999097 31 174 280 196 304 0.981845 9 233 237 241 247 0.967774 35 342 248 357 268 0.99799 3 248 246 260 261 0.998751 6 540 237 560 260 0.998012 16 271 246 280 258 0.950937 21 245 234 254 244 0.933127 19 418 238 426 249 0.976272 18 196 233 212 253 0.997942 2 476 242 494 267 0.998299 12 76 247 86 261 0.990746 26 281 229 290 240 0.971785 7 73 274 86 291 0.996875 28 160 229 179 254 0.99863 39 616 307 639 348 0.997357
50 20 14 478 160 496 184 0.994706 31 174 280 196 303 0.97984 9 233 237 240 247 0.975948 13 308 255 327 278 0.998896 6 540 237 560 260 0.998155 21 245 234 254 244 0.946415 25 260 229 268 238 0.990736 1 311 291 332 319 0.99739 3 248 246 261 262 0.998481 30 195 234 211 254 0.999134 19 417 238 425 249 0.975837 35 342 248 357 267 0.997905 12 76 247 86 261 0.991257 2 476 242 495 267 0.998489 28 159 229 178 253 0.998595 16 272 247 280 258 0.957099 26 281 229 289 239 0.971121 32 73 274 86 291 0.997346 40 375 242 393 266 0.999168 41 610 304 639 347 0.999138
51 23 14 478 160 496 184 0.99472 40 375 242 393 266 0.998939 31 174 279 196 303 0.97089 3 249 247 261 262 0.998776 9 232 237 240 247 0.98105 1 311 292 332 319 0.997449 21 245 234 254 243 0.902468 13 308 255 327 278 0.999064 6 540 237 560 261 0.998001 24 260 229 268 239 0.991094 19 287 247 298 261 0.958318 35 342 247 357 267 0.99813 12 76 247 86 261 0.991188 28 158 228 178 253 0.997499 26 416 238 425 249 0.989643 18 614 237 622 248 0.951497 2 476 242 494 267 0.998559 30 194 235 210 256 0.999314 34 74 274 87 291 0.997117 16 119 266 130 280 0.931522 41 605 302 639 344 0.998998 25 281 229 290 240 0.966808 42 272 247 281 258 0.954874
52 22 14 478 160 496 184 0.995165 24 260 230 268 239 0.987698 6 540 237 560 261 0.997942 19 309 230 317 240 0.928989 38 374 241 393 267 0.998691 3 249 249 262 264 0.996455 41 591 302 625 344 0.999099 21 246 233 254 243 0.934157 31 175 278 196 302 0.993213 1 310 294 331 322 0.99795 12 75 247 86 261 0.993794 16 279 317 296 336 0.946571 28 157 227 177 251 0.998009 11 582 241 590 251 0.982104 15 286 248 298 263 0.979723 2 476 242 495 267 0.998741 13 308 256 327 281 0.998358 25 282 229 290 240 0.969437 18 415 238 424 248 0.958037 34 75 274 88 291 0.997755 35 340 246 356 267 0.996425 30 192 238 208 258 0.996799
53 22 14 478 160 496 184 0.995539 24 261 229 268 238 0.959407 3 250 250 262 265 0.993822 21 247 233 255 242 0.923414 42 272 249 281 261 0.935672 30 190 238 206 260 0.998528 1 309 297 331 324 0.998145 31 175 277 197 302 0.996362 41 585 302 619 345 0.999114 12 76 247 86 261 0.99396 6 540 237 560 261 0.997796 35 339 246 356 267 0.995459 40 374 242 393 267 0.998524 19 286 249 299 264 0.947447 28 155 226 175 251 0.99879 2 476 242 495 267 0.998866 18 415 238 423 248 0.925545 26 282 230 291 240 0.9312 11 582 241 590 251 0.968339 34 75 274 88 291 0.998076 13 307 256 326 281 0.998387 25 114 268 126 282 0.911916
54 22 14 478 160 496 184 0.995635 24 313 239 321 249 0.94212 31 175 278 197 302 0.991741 21 247 233 255 242 0.924901 3 250 249 262 265 0.998541 19 261 229 268 238 0.987776 16 272 249 281 262 0.962451 9 229 235 237 245 0.940089 6 540 237 560 261 0.997895 12 286 250 299 265 0.957341 1 308 298 330 326 0.999023 28 154 226 174 251 0.998577 30 189 239 204 260 0.997396 34 75 274 88 291 0.998111 35 338 246 356 268 0.9948 13 307 257 326 282 0.997864 41 579 303 613 345 0.999276 2 476 242 495 267 0.998938 26 282 230 291 241 0.90813 37 76 247 86 261 0.990936 40 374 242 393 267 0.998377 11 582 241 590 251 0.987161
55 23 14 478 160 496 184 0.99566 31 175 279 196 302 0.986306 24 261 229 268 238 0.986332 37 76 247 86 261 0.993651 9 229 235 237 245 0.946612 19 287 250 299 265 0.931353 3 250 249 262 264 0.998189 6 540 237 560 261 0.997632 21 278 322 294 342 0.948862 34 75 274 88 291 0.998053 41 572 305 607 347 0.999262 40 374 242 392 267 0.998398 42 272 249 282 261 0.966199 15 313 239 321 249 0.943871 11 582 241 590 252 0.96835 35 337 247 355 268 0.998258 30 186 239 202 259 0.995975 13 307 258 326 282 0.998594 16 201 238 212 253 0.90707 2 476 241 495 267 0.998835 28 153 226 173 251 0.998573 1 307 298 329 327 0.999245 18 114 266 125 280 0.916465
56 20 14 478 160 496 184 0.995238 9 229 235 237 245 0.954171 42 272 250 281 261 0.938326 24 261 229 268 238 0.983677 31 175 280 196 302 0.986686 19 287 251 299 266 0.943559 12 75 247 85 261 0.993597 3 250 248 263 264 0.996818 6 540 237 560 261 0.997711 41 565 307 600 349 0.998971 40 374 242 392 267 0.998435 30 185 239 201 259 0.997562 21 283 231 291 243 0.926818 13 307 260 326 284 0.997841 35 336 247 353 268 0.994811 11 582 241 590 251 0.975009 34 75 275 88 292 0.998086 2 476 242 495 267 0.998805 1 306 300 328 328 0.998677 28 153 226 172 251 0.998222
57 23 14 478 160 496 183 0.995283 42 272 249 282 262 0.985994 24 306 251 316 263 0.918663 31 175 283 196 306 0.995297 19 75 247 85 261 0.989784 41 550 309 586 352 0.999021 6 541 236 560 260 0.997572 21 275 323 291 343 0.978171 3 250 247 263 262 0.999076 16 202 238 215 253 0.953251 40 374 242 392 267 0.998513 13 308 261 327 286 0.997898 12 288 250 300 265 0.985309 15 261 229 268 238 0.982112 18 182 236 198 257 0.997702 35 334 249 350 269 0.991942 9 314 240 321 250 0.903215 26 282 231 291 242 0.92649 34 75 275 88 292 0.997866 2 476 242 495 267 0.998823 11 583 240 591 250 0.941411 28 149 228 170 253 0.999064 43 303 298 324 326 0.999015
58 23 14 478 160 496 183 0.99521 24 261 229 268 238 0.983132 41 543 310 577 353 0.999136 12 75 247 85 261 0.993151 42 273 249 282 262 0.985723 19 288 250 300 265 0.988144 43 302 297 324 325 0.998684 31 176 283 197 306 0.994993 40 374 242 392 267 0.998547 6 541 236 560 260 0.997484 3 250 247 263 262 0.999078 35 332 251 348 270 0.995081 21 314 241 321 250 0.904099 16 205 237 215 251 0.928073 13 308 262 327 286 0.997413 30 181 234 198 255 0.997193 34 75 275 88 292 0.998019 26 282 231 291 242 0.941583 2 476 242 495 267 0.998838 11 583 240 591 250 0.949515 28 149 228 169 254 0.998493 17 274 322 290 341 0.971814 27 349 249 359 262 0.930711
59 23 14 478 160 496 183 0.995172 42 272 249 282 262 0.987347 24 261 229 268 238 0.98399 19 75 247 85 261 0.991156 41 535 310 571 353 0.9992 3 250 246 262 261 0.99874 40 374 242 392 267 0.99817 31 177 283 198 306 0.992485 13 308 261 328 287 0.996949 6 541 237 560 260 0.99776 21 116 266 126 279 0.914036 16 350 249 360 263 0.945671 30 181 234 198 253 0.998728 35 331 251 346 270 0.992552 12 288 249 300 264 0.982715 2 476 242 495 267 0.998907 17 273 320 289 340 0.967067 34 75 275 88 292 0.998065 18 582 239 591 250 0.958561 28 147 229 168 255 0.998737 32 206 236 217 252 0.98153 43 302 295 323 324 0.998832 29 412 238 421 248 0.966692
60 23 14 478 160 496 183 0.995204 24 260 229 268 238 0.983785 42 273 249 282 262 0.97968 40 374 242 392 267 0.998271 19 75 248 85 261 0.986977 43 301 294 323 322 0.998986 6 541 237 560 261 0.997876 41 527 309 562 353 0.99925 16 206 236 217 251 0.977335 31 178 282 199 305 0.975956 25 281 231 290 242 0.949934 35 330 250 345 271 0.979824 13 308 260 328 286 0.99575 2 476 242 495 267 0.998901 8 250 246 262 260 0.998716 11 583 239 591 249 0.953984 34 75 275 88 292 0.997864 12 287 249 300 265 0.98063 21 272 317 289 337 0.953093 30 180 232 198 252 0.998762 28 146 231 167 256 0.998022 29 412 238 421 248 0.972837 17 354 250 364 262 0.938641
61 22 14 478 160 496 183 0.995188 43 301 293 323 321 0.999095 24 261 229 268 238 0.982957 40 374 242 393 267 0.998293 31 178 282 200 306 0.99143 42 272 249 282 261 0.978055 21 355 251 364 262 0.950294 19 75 248 85 260 0.980585 41 519 307 555 351 0.998467 12 281 231 289 241 0.93318 17 271 316 288 336 0.947633 2 476 242 495 267 0.998858 6 541 237 560 260 0.997843 8 249 246 262 260 0.998764 13 308 259 328 286 0.997433 26 287 249 300 264 0.976223 16 207 236 219 251 0.9843 30 180 231 197 251 0.998873 35 328 250 343 270 0.983617 34 75 275 88 292 0.998153 28 144 231 164 257 0.999041 44 413 238 421 248 0.985425
62 19 14 478 160 496 183 0.995351 24 260 229 268 238 0.989303 31 177 280 200 305 0.992481 43 301 292 323 320 0.999237 40 374 242 392 267 0.998201 19 74 248 84 262 0.977629 42 273 248 283 261 0.990803 41 507 305 543 348 0.999092 3 249 247 262 261 0.997837 6 542 237 560 260 0.997902 2 476 242 495 267 0.998856 18 179 230 197 251 0.9995 13 307 258 326 281 0.997548 26 287 248 299 264 0.934922 17 269 315 287 335 0.979154 32 209 236 221 252 0.992557 7 76 276 88 292 0.998021 45 140 231 162 257 0.999023 46 324 248 340 270 0.968941
63 19 14 478 160 496 183 0.995285 24 260 229 268 238 0.981808 40 375 242 393 267 0.998527 43 300 292 323 321 0.999227 19 74 248 84 261 0.977304 17 269 315 286 335 0.974343 31 177 279 200 304 0.995001 3 249 247 262 262 0.998463 42 272 248 283 261 0.986923 6 542 237 561 260 0.997888 2 476 242 495 267 0.998755 41 502 304 537 349 0.999123 18 179 231 196 251 0.999502 12 287 248 302 268 0.932257 32 210 237 222 253 0.987227 13 306 257 325 281 0.997985 45 139 231 161 257 0.998992 46 323 247 340 269 0.993233 7 76 276 89 292 0.997226
